T1 =

   0.84147   0.41212  -0.96140
   0.14112  -0.99999   0.14988
  -0.95892   0.42017   0.83666
   0.65699   0.65029  -0.84622

T2 =

   0.5403023  -0.9111303  -0.2751633   0.9912028  -0.0132767
  -0.9899925   0.0044257   0.9887046  -0.2921388  -0.9036922
   0.2836622   0.9074468  -0.5477293  -0.7480575   0.7654141
   0.7539023  -0.7596879  -0.5328330   0.9147424   0.2666429

T1 =

   0.00000   0.41212  -0.96140
   0.00000  -0.99999   0.14988
   0.00000   0.42017   0.83666
   0.00000   0.65029  -0.84622

T2 =

   0.00000  -0.91113  -0.27516   0.99120  -0.01328
   0.00000   0.00443   0.98870  -0.29214  -0.90369
   0.00000   0.90745  -0.54773  -0.74806   0.76541
   0.00000  -0.75969  -0.53283   0.91474   0.26664

J =  3.0874
T1 =

   0.84147   0.41212  -0.96140
   0.14112  -0.99999   0.14988
  -0.95892   0.42017   0.83666
   0.65699   0.65029  -0.84622

T2 =

   0.5403023  -0.9111303  -0.2751633   0.9912028  -0.0132767
  -0.9899925   0.0044257   0.9887046  -0.2921388  -0.9036922
   0.2836622   0.9074468  -0.5477293  -0.7480575   0.7654141
   0.7539023  -0.7596879  -0.5328330   0.9147424   0.2666429

T1 =

   0.00000   0.41212  -0.96140
   0.00000  -0.99999   0.14988
   0.00000   0.42017   0.83666
   0.00000   0.65029  -0.84622

T2 =

   0.00000  -0.91113  -0.27516   0.99120  -0.01328
   0.00000   0.00443   0.98870  -0.29214  -0.90369
   0.00000   0.90745  -0.54773  -0.74806   0.76541
   0.00000  -0.75969  -0.53283   0.91474   0.26664

J =  3.6470
T1 =

   0.84147   0.41212  -0.96140
   0.14112  -0.99999   0.14988
  -0.95892   0.42017   0.83666
   0.65699   0.65029  -0.84622

T2 =

   0.5403023  -0.9111303  -0.2751633   0.9912028  -0.0132767
  -0.9899925   0.0044257   0.9887046  -0.2921388  -0.9036922
   0.2836622   0.9074468  -0.5477293  -0.7480575   0.7654141
   0.7539023  -0.7596879  -0.5328330   0.9147424   0.2666429

T1 =

   0.00000   0.41212  -0.96140
   0.00000  -0.99999   0.14988
   0.00000   0.42017   0.83666
   0.00000   0.65029  -0.84622

T2 =

   0.00000  -0.91113  -0.27516   0.99120  -0.01328
   0.00000   0.00443   0.98870  -0.29214  -0.90369
   0.00000   0.90745  -0.54773  -0.74806   0.76541
   0.00000  -0.75969  -0.53283   0.91474   0.26664

J =  3.0874
T1 =

   0.84147   0.41212  -0.96140
   0.14112  -0.99999   0.14988
  -0.95892   0.42017   0.83666
   0.65699   0.65029  -0.84622

T2 =

   0.5403023  -0.9111303  -0.2751633   0.9912028  -0.0132767
  -0.9899925   0.0044257   0.9887046  -0.2921388  -0.9036922
   0.2836622   0.9074468  -0.5477293  -0.7480575   0.7654141
   0.7539023  -0.7596879  -0.5328330   0.9147424   0.2666429

T1 =

   0.00000   0.41212  -0.96140
   0.00000  -0.99999   0.14988
   0.00000   0.42017   0.83666
   0.00000   0.65029  -0.84622

T2 =

   0.00000  -0.91113  -0.27516   0.99120  -0.01328
   0.00000   0.00443   0.98870  -0.29214  -0.90369
   0.00000   0.90745  -0.54773  -0.74806   0.76541
   0.00000  -0.75969  -0.53283   0.91474   0.26664

J =  3.6470
== 
==                                   Part Name |     Score | Feedback
==                                   --------- |     ----- | --------
==               Feedforward and Cost Function |  30 /  30 | Nice work!
==                   Regularized Cost Function |  15 /  15 | Nice work!
==                            Sigmoid Gradient |   0 /   5 | 
==   Neural Network Gradient (Backpropagation) |   0 /  40 | 
==                        Regularized Gradient |   0 /  10 | 
==                                   --------------------------------
==                                             |  45 / 100 | 
== 
